1,0.631502753
2,0.081640934
3,0.000118604
4,0.001583217
5,0.237057948
6,0.024753895
7,0.028308007
8,0.000187828
9,0.000739095
10,0.157176596
11,0.000315344
12,0.000506200
13,0.206982869
14,1.822956433
15,0.000163864
16,0.000951273
17,0.045936222
18,0.000134051
19,0.000837684
20,0.000604553
21,0.000066820
22,0.000181386
23,1.195422387
24,0.013462254
25,0.000219766
26,0.004255038
27,0.000239250
28,0.129344500
29,0.000465061
30,2.999262048
31,0.000129629
32,0.002445925
33,0.000560565
34,0.000910737
35,0.000142792
36,0.000215684
37,0.003061786
38,0.000637825
39,0.000336238
40,0.000237618
41,0.001681902
42,0.000347703
43,0.861493536
44,0.406832433
45,0.004784085
46,0.002230269
47,0.000696958
48,0.000153200
49,0.000228710
50,0.000655217
51,0.000165227
52,0.000209000
53,0.000405037
54,2.125430641
55,0.000227450
56,0.036216022
57,0.000253429
58,0.659903340
59,0.000129966
60,0.333323256
61,0.651106600
62,0.000241424
63,0.000190870
64,0.603455206
65,0.000339633
66,0.000368811
67,0.000232690
68,0.000372879
69,0.021425938
70,0.007915792
71,2.408004946
72,0.000195199
73,0.029987969
74,0.000105974
75,0.000324974
76,1.083151852
77,0.003425648
78,0.000461250
79,0.000199333
80,1.569425429
81,0.012044579
82,0.582426982
83,0.817391500
84,0.000781836
85,0.550788934
86,0.000782909
87,0.000139657
88,0.000574050
89,0.003116853
90,0.000146271
91,0.000188784
92,0.508904845
93,0.000599421
94,0.175749293
95,0.408031592
96,0.000258055
97,0.000212661
98,0.000263538
99,0.239298022
100,0.000219966
101,0.000234667
102,0.920959219
103,0.003039107
104,0.002547291
105,0.000174136
106,1.333147524
107,0.000216714
108,0.000190906
109,0.001035481
110,0.000216432
111,0.000277304
112,1.915567978
113,0.199198400
114,0.013206277
115,0.000349022
116,1.323026486
117,0.803095482
118,0.000165000
119,1.143960967
120,0.000558800
121,0.000456315
122,0.000185250
123,0.014180472
124,0.056848348
125,0.855935110
126,0.022338773
127,0.000603545
128,0.000197071
129,0.000605862
130,0.460645369
131,0.000184034
132,0.000174190
133,0.000307400
134,0.000305667
135,0.000091741
136,0.052999353
137,0.346399022
138,0.000382440
139,0.000369391
140,0.000124500
141,0.310168047
142,0.000243781
143,0.000121263
144,0.000166698
145,0.596718324
146,0.000289357
147,0.000238737
148,0.069641219
149,0.000135943
150,0.000428613
151,0.085002222
152,1.626997029
153,0.000251000
154,0.000199340
155,0.000220952
156,0.000171083
157,2.795827580
158,0.000199669
159,1.394447283
160,0.127518286
161,0.000498719
162,0.000537829
163,0.000306727
164,0.000252758
165,0.000149207
166,0.000260158
167,0.000088029
168,0.000249706
169,0.029233306
170,1.952401857
171,0.000121333
172,0.001053269
173,0.000205119
174,0.336636511
175,0.000315351
176,0.000263565
177,0.204410035
178,0.400693938
179,0.000141463
180,0.078209226
181,0.000060523
182,3.934267926
183,0.191560308
184,0.000315060
185,0.000593936
186,1.614901484
187,0.000269218
188,0.000441793
189,0.000855151
190,0.118312397
191,0.000963308
192,0.000835765
193,0.167585092
194,0.001336566
195,2.136747463
196,0.000413026
197,0.000108846
198,0.000330650
199,0.000189615
200,0.849697642
201,0.057212086
202,0.000579947
203,0.000433167
204,0.035330049
205,0.000282857
206,0.000121619
207,0.821573891
208,0.000285750
209,0.062271469
210,0.292114198
211,0.007817056
212,0.000281208
213,0.007973384
214,0.102599528
215,0.000272663
216,0.333807877
217,0.000118987
218,0.845951115
219,1.137249630
220,0.000754571
221,0.785230766
222,0.187514819
223,0.000265971
224,0.001880479
225,0.000779577
226,0.000446633
227,0.504261895
228,0.000862300
229,0.000431483
230,0.000137689
231,4.999831600
232,1.447120250
233,1.742775459
234,0.043340846
235,0.000217720
236,0.000268675
237,0.000136170
238,0.000461357
239,0.000200449
240,0.000212957
241,0.000317273
242,0.000766368
243,0.000334063
244,0.000355983
245,0.000459571
246,0.000265381
247,0.007242160
248,0.000384527
249,0.005055269
250,0.494956240
251,0.000174105
252,0.005107650
253,0.000147063
254,0.064270475
255,0.000241963
256,0.000858248
257,1.661094607
258,0.000168818
259,3.599881667
260,0.000352304
261,0.000933500
262,0.012522862
263,0.000309393
264,0.000287992
265,0.000177444
266,0.000724000
267,0.000293712
268,0.042901251
269,0.040329907
270,0.000229810
271,0.010938105
272,0.000136820
273,0.000299238
274,0.000380000
275,0.635527277
276,0.395132226
277,0.000188981
278,0.000225273
279,0.470885471
280,0.000121837
281,0.000243120
282,0.966543714
283,0.000293846
284,0.000295674
285,0.000219194
286,0.558396063
287,2.436917361
288,0.446302257
289,0.000691731
290,0.020170302
291,0.011092993
292,0.333572829
293,0.000123016
294,1.055334980
295,0.026681928
296,0.000282870
297,0.829545058
298,0.005435159
299,0.606978391
300,0.000203526
301,0.000224164
302,0.000171300
303,0.002062720
304,0.000795840
305,0.000932176
306,0.000331194
307,1.298223649
308,0.000176742
309,0.000079842
310,0.000640000
311,0.023687747
312,0.000751027
313,0.000850395
314,0.000319270
315,0.163937105
316,0.000234784
317,0.000384190
318,0.001927954
319,7.422475864
320,0.000284660
321,0.000254734
322,0.000186840
323,0.000156659
324,0.000169015
325,0.000221794
326,0.000164613
327,0.021029382
328,0.334560504
329,0.000262047
330,0.000329589
331,0.000122638
332,0.325039896
333,0.000727280
334,0.053360093
335,0.000244190
336,0.000544326
337,0.085932909
338,0.000193973
339,0.000243372
340,0.000512581
341,0.000295200
342,0.019481625
343,0.000281975
344,0.306280577
345,0.004722632
346,0.682802568
347,0.000165202
348,0.000287895
349,0.000351600
350,0.000589388
351,1.043146279
352,0.000269585
353,0.000393083
354,0.006326194
355,0.000512000
356,0.000443391
357,0.000219013
358,0.402936810
359,0.000146462
360,0.000311139
361,0.000146558
362,0.000234458
363,0.000259742
364,0.000168158
365,0.000191649
366,0.000173625
367,0.000153561
368,0.000112341
369,0.000414429
370,0.000200243
371,0.682587960
372,0.000175092
373,0.000702198
374,0.199927777
375,0.000144000
376,0.010468966
377,0.001136063
378,0.381867500
379,0.733330503
380,0.000247087
381,0.000190357
382,0.190942462
383,0.000179243
384,0.005507714
385,0.340256011
386,0.000123091
387,0.000198703
388,0.001243667
389,0.340896704
390,0.000365767
391,0.000154342
392,0.000175209
393,0.093804327
394,0.189104061
395,0.561975179
396,0.000257925
397,1.731368832
398,0.017404368
399,0.006282299
400,0.000194000
401,0.000196908
402,0.000101104
403,0.001134490
404,1.857701628
405,0.000083507
406,0.176013636
407,0.936798858
408,0.000173577
409,0.003670792
410,0.000281630
411,0.367931491
412,0.000292400
413,0.000252102
414,0.000234375
415,0.000428826
416,0.388571098
417,0.207983997
418,0.000192526
419,0.000238258
420,0.000159086
421,0.000099852
422,0.556371063
423,0.000235952
424,0.000250581
425,0.755389897
426,0.000381750
427,0.000324067
428,1.420781296
429,0.000093511
430,0.000252484
431,1.900303150
432,0.000169672
433,0.000259000
434,0.000201070
435,0.171210175
436,0.000294375
437,0.038120385
438,0.000261469
439,0.000640367
440,0.007339560
441,0.000761421
442,0.000283754
443,0.000488696
444,0.871857957
445,0.018437343
446,0.000386257
447,0.000222116
448,0.000663243
449,0.070788135
450,0.213151306
451,0.000065423
452,0.751333229
453,1.213853348
454,0.463930391
455,0.840082824
456,0.310483944
457,0.006723424
458,0.186339264
459,0.000473761
460,0.000338448
461,0.000245182
462,0.000284313
463,1.152709833
464,0.000140942
465,0.000407620
466,0.000350590
467,0.000182256
468,0.001881394
469,0.020669667
470,0.002318571
471,0.000171300
472,0.742745500
473,0.000280500
474,0.025329120
475,0.107785684
476,0.000260598
477,0.000541618
478,0.001160161
479,0.795886642
480,0.000251763
481,0.000290218
482,0.000465760
483,2.823319603
484,1.101643333
485,0.000805080
486,0.000091915
487,0.242682478
488,0.006315549
489,0.009303759
490,0.000360464
491,0.001920219
492,0.000167204
493,0.000290134
494,0.000243609
495,0.000312580
496,0.000913141
497,0.025164417
498,0.019691142
499,1.089303861
500,0.481957179
501,0.104259944
502,0.000370667
503,0.963040660
504,0.079613088
505,0.073366631
506,0.726022593
507,0.000440281
508,0.001412942
509,0.000637688
510,0.000211586
511,0.000223478
512,0.006271450
513,0.000696190
514,0.994979984
515,0.000453179
516,0.000069550
517,5.519760222
518,0.000270875
519,0.646498146
520,0.001049091
521,0.123359698
522,0.000195586
523,0.000471293
524,0.020696492
525,0.000412509
526,0.000137716
527,0.000113809
528,0.538909808
529,0.000227095
530,2.048407500
531,0.000270552
532,0.777205634
533,0.624297297
534,0.000136570
535,0.000118581
536,0.003409895
537,0.000089973
538,0.038854788
539,0.000179527
540,0.000230758
541,0.151852659
542,0.000142888
543,0.936694168
544,0.000366967
545,0.304576957
546,0.000390724
547,0.000216818
548,0.028121792
549,0.000468250
550,0.000248128
551,0.003102637
552,0.000306639
553,0.000127343
554,0.263257044
555,0.550081255
556,0.000270279
557,0.861983404
558,0.000346053
559,0.000361773
560,0.000334070
561,0.237290152
562,0.000341211
563,0.000619000
564,0.004427273
565,0.000207588
566,0.000199899
567,0.000131844
568,0.000192438
569,0.128550188
570,0.000358190
571,0.000184632
572,0.000402737
573,0.000277400
574,0.000219178
575,0.000898640
576,0.069087629
577,0.595405422
578,1.867190000
579,0.000195507
580,0.000496696
581,0.000774593
582,0.000515705
583,0.000232769
584,0.002445304
585,0.000713658
586,0.000856497
587,0.000095021
588,0.000921304
589,0.000114381
590,0.000236234
591,0.001312181
592,0.191695936
593,0.987745252
594,1.463849500
595,0.081338611
596,0.000579895
597,0.001331025
598,0.000574375
599,0.000614978
600,0.000231136
601,0.000412435
602,0.000353893
603,0.000306283
604,0.000180731
605,0.214715315
606,0.566163213
607,0.000379694
608,0.000419994
609,0.000704741
610,0.000193311
611,0.000092341
612,0.000440692
613,0.000128185
614,0.000554921
615,0.000194167
616,0.000130119
617,0.000133720
618,0.000161660
619,0.000105773
620,0.000204963
621,1.059026129
622,0.004237608
623,0.000790477
624,1.006083693
625,0.087261562
626,3.360842323
627,0.000142656
628,0.000082808
629,0.000194183
630,0.009741168
631,0.000265632
632,0.000290299
633,0.383439158
634,1.300026030
635,0.000266242
636,0.000740737
637,0.000773252
638,0.000212727
639,0.000395102
640,1.632896556
641,0.000165949
642,0.242405167
643,0.059699161
644,0.000447488
645,0.000384545
646,0.000246486
647,0.049888982
648,0.104539723
649,0.000242130
650,0.000759897
651,0.450088000
652,0.000289952
653,0.591938915
654,0.125924993
655,0.094378871
656,0.000511261
657,0.001612571
658,0.000467286
659,0.020866947
660,0.068686368
661,1.665511767
662,0.000810727
663,0.000173561
664,0.114264600
665,0.033480291
666,0.020396578
667,0.000201826
668,2.269977667
669,0.159902040
670,0.000427289
671,0.845831390
672,0.000914357
673,0.000219588
674,0.000315475
675,0.000603242
676,0.000233684
677,1.014782229
678,0.000315074
679,0.033512295
680,0.081134270
681,0.000352238
682,0.000203470
683,0.000616149
684,0.401923729
685,0.002495737
686,0.000643514
687,0.000614550
688,0.000164087
689,0.838934286
690,0.000337789
691,0.000196742
692,0.002240051
693,1.035359072
694,0.000341083
695,0.000164270
696,0.000429500
697,0.000155019
698,0.000277262
699,1.115120284
700,0.000519100
701,0.000267688
702,0.000180933
703,0.000244848
704,0.000277157
705,0.009439106
706,0.000221929
707,0.520548238
708,1.713213375
709,0.000287584
710,0.223621918
711,0.722093868
712,0.109394820
713,0.000158862
714,0.000620767
715,0.000243867
716,0.000214067
717,0.009255913
718,0.030971026
719,2.031847152
720,0.000340034
721,0.001366743
722,0.000545098
723,0.000280048
724,0.000175286
725,0.001460750
726,0.130633043
727,0.000205352
728,0.000423160
729,0.000283000
730,0.000218649
731,0.001215610
732,0.000395474
733,0.001032443
734,0.000751556
735,0.000297404
736,0.000452870
737,0.000217781
738,1.386505456
739,0.045647824
740,0.000308211
741,0.049507515
742,0.152970360
743,0.000270294
744,0.000864154
745,0.000280525
746,0.000115576
747,0.003808644
748,0.000148542
749,0.150704385
750,0.000186688
751,0.414348922
752,0.000112556
753,0.000670446
754,0.000410061
755,0.000177405
756,0.032452046
757,0.001825430
758,0.281422017
759,2.333223129
760,0.828797425
761,0.000216062
762,0.000453700
763,0.000787430
764,0.055661565
765,0.000616636
766,0.000269707
767,0.000187778
768,1.703922524
769,0.000936714
770,0.115088206
771,1.003320232
772,4.621852906
773,0.000179075
774,0.000189224
775,0.000141519
776,0.161209067
777,0.000506971
778,0.164133172
779,0.627980694
780,0.000262444
781,0.000251829
782,0.000126944
783,0.000204759
784,0.000276316
785,0.000440692
786,0.000275905
787,0.000245161
788,0.000213060
789,0.000179031
790,0.394741157
791,0.000207875
792,0.000299696
793,0.000274389
794,0.000702658
795,0.235890253
796,0.021697894
797,0.000360200
798,0.252718269
799,0.000205870
800,0.000432926
801,0.000233800
802,0.000277014
803,0.000366063
804,0.000240462
805,0.249982004
806,0.000508014
807,0.031821089
808,0.000279864
809,0.000281474
810,5.545604560
811,0.000456000
812,0.000305211
813,0.000271607
814,0.000326824
815,0.590565000
816,0.000519333
817,0.000154086
818,0.007464050
819,2.000105481
820,0.000239000
821,0.000336836
822,0.003121208
823,0.000156185
824,0.000152263
825,0.980094153
826,0.000115868
827,4.267918704
828,0.241921097
829,2.062369825
830,0.114740733
831,0.000175056
832,0.000676542
833,0.587429684
834,0.000669358
835,0.000353683
836,0.000196347
837,0.000259733
838,0.640688065
839,0.000339161
840,0.000544219
841,0.000280833
842,0.000278269
843,0.000366631
844,0.001018013
845,0.000160100
846,0.000133713
847,0.013319462
848,0.000862383
849,0.000527636
850,0.000268460
851,1.021778423
852,0.000632208
853,0.000200275
854,0.000156634
855,0.000122091
856,0.000207880
857,0.000314143
858,0.853277850
859,0.000490684
860,2.983265429
861,0.000119286
862,0.000206439
863,0.000077472
864,0.546318065
865,0.016497338
866,0.000256421
867,0.000175011
868,0.000593362
869,0.000822196
870,0.698078526
871,0.000136000
872,0.000218414
873,0.000475158
874,0.000439848
875,0.000262148
876,0.000236700
877,0.000369525
878,0.000651526
879,0.000439393
880,0.405640196
881,0.112914585
882,0.001648478
883,0.051186472
884,0.000799190
885,0.000474990
886,0.000157996
887,0.000286512
888,0.000314316
889,0.000229474
890,0.059650136
891,2.065742783
892,0.000197244
893,0.000581966
894,0.498717533
895,0.000250421
896,0.002519413
897,0.016621201
898,0.000226276
899,0.000263597
900,0.000503023
901,0.015428455
902,0.000685521
903,0.148292104
904,0.000184739
905,0.000467769
906,0.000411775
907,0.452190521
908,0.000166836
909,0.000742160
910,0.668592492
911,0.000553206
912,0.000306558
913,1.285039336
914,0.001266364
915,0.000700000
916,0.000134566
917,0.000672706
918,0.000304255
919,0.523604870
920,0.000213840
921,0.562212128
922,0.000985095
923,0.000313192
924,0.707289395
925,0.031727903
926,0.173396684
927,0.002255588
928,0.000567516
929,0.582485083
930,0.000328371
931,0.000328150
932,0.001512383
933,0.005416563
934,0.002514965
935,0.000354500
936,0.000198787
937,0.005382308
938,0.000834963
939,0.000405854
940,0.510971811
941,0.000357619
942,0.000172449
943,0.920606341
