administrator,1858,1020,203,462,2203,565,48,3099,94,147,391,354,385,1539,942,1570,786,168,7479
artist,528,311,121,202,617,201,34,957,24,64,102,157,164,462,308,476,225,29,2308
doctor,110,57,22,28,168,41,13,238,7,9,18,27,27,133,56,117,44,5,540
educator,1962,1128,263,593,2708,710,107,4281,112,202,421,481,532,2006,986,1767,1005,189,9442
engineer,2277,1299,363,629,2438,611,51,3153,125,145,414,441,363,1467,1221,1712,858,180,8175
entertainment,499,249,62,104,574,207,23,804,25,47,192,68,132,342,289,554,174,27,2095
executive,808,436,91,232,951,287,26,1407,50,58,155,131,203,592,391,811,312,49,3403
healthcare,577,323,89,213,722,200,45,1297,38,50,120,126,140,499,266,563,230,47,2804
homemaker,92,41,9,25,93,25,2,104,3,4,9,15,32,59,30,95,28,0,299
lawyer,283,142,35,83,460,107,10,543,14,36,60,72,78,272,141,247,142,35,1345
librarian,988,536,159,290,1576,370,48,2557,55,96,226,238,293,1245,508,977,481,82,5273
marketing,477,246,79,163,535,161,12,824,20,40,86,114,128,383,221,442,228,35,1950
none,301,160,43,91,255,74,1,268,12,12,56,43,33,150,145,262,55,10,901
other,2672,1431,421,881,3165,828,65,4307,144,146,535,566,579,2177,1242,2321,1000,172,10663
programmer,2322,1240,312,583,2418,666,51,2800,117,141,389,385,375,1400,1167,1750,755,162,7801
retired,278,160,35,110,512,137,16,727,22,43,66,93,98,321,130,309,145,33,1609
salesman,222,99,15,38,314,79,2,317,9,14,49,27,40,166,98,200,77,16,856
scientist,566,285,61,108,535,177,17,932,20,39,70,91,122,440,318,469,255,24,2058
student,6398,3358,914,1759,6958,1836,117,7777,352,269,1340,1078,1009,4156,3069,5130,1770,408,21957
technician,1079,558,132,221,1056,275,24,1295,38,46,164,175,177,645,531,796,383,89,3506
writer,1292,674,176,367,1574,498,46,2208,71,125,454,272,335,1007,671,1304,445,94,5536
